-0.07465 0.00000
-0.06562 0.00000
-0.05659 0.00000
-0.04756 0.00000
-0.03854 0.00000
-0.02951 0.00000
-0.02048 0.00000
-0.01145 0.00000
-0.00242 0.00000
0.00661 0.00000
0.01563 0.00000
0.02466 0.00000
0.03369 0.00000
0.04272 0.00000
0.05175 0.00000
0.06078 0.00000
0.06981 0.00000
0.07883 0.00000
0.08786 0.00000
0.09689 0.00000
0.10592 0.00000
0.11495 0.00000
0.12398 0.00000
0.13300 0.00000
0.14203 0.00000
0.15106 0.00000
0.16009 0.00000
0.16912 0.00000
0.17815 0.00000
0.18718 0.00000
0.19620 0.00000
0.20523 0.00000
0.21426 0.00000
0.22329 0.00000
0.23232 0.00000
0.24135 0.00000
0.25038 0.10100
0.25940 0.40500
0.26843 0.59100
0.27746 0.62400
0.28649 0.60800
0.29552 0.70900
0.30455 0.77600
0.31357 0.79300
0.32260 0.86100
0.33163 0.79300
0.34066 0.69200
0.34969 0.72600
0.35872 0.67500
0.36775 0.62400
0.37677 0.60800
0.38580 0.67500
0.39483 0.77600
0.40386 0.89400
0.41289 0.92800
0.42192 0.77600
0.43094 0.87800
0.43997 0.84400
0.44900 0.69200
0.45803 0.92800
0.46706 1.06300
0.47609 0.70900
0.48512 0.74300
0.49414 0.86100
0.50317 0.91100
0.51220 0.79300
0.52123 0.97900
0.53026 1.04600
0.53929 1.13100
0.54831 0.96200
0.55734 1.26600
0.56637 1.06300
0.57540 0.96200
0.58443 1.14800
0.59346 1.01300
0.60249 1.16400
0.61151 0.97900
0.62054 0.89400
0.62957 0.99600
0.63860 0.87800
0.64763 1.11400
0.65666 0.92800
0.66569 1.06300
0.67471 1.02900
0.68374 0.94500
0.69277 0.67500
0.70180 1.13100
0.71083 1.01300
0.71986 0.92800
0.72888 0.91100
0.73791 1.16400
0.74694 0.89400
0.75597 0.89400
0.76500 1.14800
0.77403 1.14800
0.78306 0.91100
0.79208 1.19800
0.80111 1.09700
0.81014 1.04600
0.81917 0.99600
0.82820 1.24900
0.83723 1.28300
0.84625 1.28300
0.85528 1.24900
0.86431 1.13100
0.87334 1.43500
0.88237 1.62000
0.89140 1.57000
0.90043 1.73800
0.90945 1.41800
0.91848 1.80600
0.92751 1.84000
0.93654 1.94100
0.94557 2.24500
0.95460 1.94100
0.96362 2.05900
0.97265 2.26100
0.98168 2.41300
0.99071 2.19400
0.99974 2.19400
1.00877 2.44700
1.01780 2.19400
1.02682 2.21100
1.03585 2.59900
1.04488 2.90300
1.05391 2.61600
1.06294 2.85200
1.07197 2.92000
1.08099 2.48100
1.09002 2.11000
1.09905 2.51500
1.10808 2.41300
1.11711 2.11000
1.12614 2.22800
1.13517 2.22800
1.14419 1.92400
1.15322 2.32900
1.16225 2.68300
1.17128 3.25700
1.18031 3.51000
1.18934 4.45500
1.19837 5.02900
1.20739 6.71700
1.21642 6.83500
1.22545 7.37500
1.23448 8.81000
1.24351 9.67000
1.25254 10.48000
1.26156 9.90700
1.27059 8.79300
1.27962 8.23600
1.28865 7.69600
1.29768 7.20600
1.30671 6.66600
1.31574 5.21500
1.32476 4.84400
1.33379 4.42200
1.34282 4.03300
1.35185 4.16800
1.36088 4.38800
1.36991 4.64100
1.37893 5.29900
1.38796 6.36200
1.39699 7.57800
1.40602 9.19800
1.41505 13.21400
1.42408 17.48400
1.43311 20.53900
1.44213 25.95600
1.45116 29.43300
1.46019 33.33100
1.46922 38.37700
1.47825 40.20000
1.48728 39.76100
1.49630 40.52000
1.50533 37.26300
1.51436 33.44900
1.52339 29.93900
1.53242 25.87200
1.54145 22.29400
1.55048 18.96900
1.55950 14.69900
1.56853 11.99900
1.57756 10.56500
1.58659 10.22700
1.59562 9.60300
1.60465 10.56500
1.61368 13.16400
1.62270 16.99500
1.63173 22.95200
1.64076 32.11600
1.64979 46.27500
1.65882 63.62400
1.66785 89.47900
1.67687 119.23200
1.68590 149.39100
1.69493 183.16100
1.70396 219.15800
1.71299 250.56500
1.72202 270.69900
1.73105 284.87500
1.74007 295.96300
1.74910 287.87900
1.75813 264.94400
1.76716 243.93300
1.77619 216.47500
1.78522 178.73900
1.79424 147.02800
1.80327 117.56200
1.81230 92.50000
1.82133 71.06700
1.83036 55.59100
1.83939 42.91700
1.84842 33.21300
1.85744 31.30600
1.86647 27.86300
1.87550 25.55100
1.88453 26.04000
1.89356 28.60600
1.90259 28.60600
1.91161 31.93000
1.92064 34.59700
1.92967 36.09900
1.93870 37.58400
1.94773 38.14100
1.95676 36.72300
1.96579 34.46200
1.97481 33.44900
1.98384 30.76600
1.99287 28.58900
2.00190 24.18400
2.01093 24.01500
2.01996 20.03200
2.02899 17.80500
2.03801 15.91500
2.04704 14.15900
2.05607 12.79200
2.06510 12.91100
2.07413 11.44200
2.08316 10.56500
2.09218 11.00300
2.10121 10.24400
2.11024 9.35000
2.11927 9.35000
2.12830 9.11300
2.13733 9.04600
2.14636 9.48500
2.15538 9.29900
2.16441 9.06300
2.17344 10.14300
2.18247 10.32800
2.19150 10.24400
2.20053 10.48000
2.20955 11.18900
2.21858 12.21900
2.22761 13.07900
2.23664 15.44200
2.24567 17.33200
2.25470 19.93100
2.26373 21.16300
2.27275 22.53000
2.28178 23.89700
2.29081 26.68200
2.29984 25.88900
2.30887 26.17500
2.31790 26.44500
2.32692 24.91000
2.33595 24.26800
2.34498 22.68200
2.35401 20.04900
2.36304 18.88500
2.37207 17.26500
2.38110 15.59400
2.39012 16.10000
2.39915 14.96900
2.40818 12.92700
2.41721 12.96100
2.42624 12.70800
2.43527 13.58600
2.44429 13.61900
2.45332 13.97400
2.46235 14.53100
2.47138 13.99100
2.48041 13.68700
2.48944 13.70400
2.49847 14.24400
2.50749 15.07100
2.51652 14.88500
2.52555 16.59000
2.53458 16.01600
2.54361 17.43300
2.55264 19.40800
2.56167 20.15100
2.57069 22.88500
2.57972 25.43300
2.58875 27.71100
2.59778 31.39000
2.60681 34.83300
2.61584 37.68500
2.62486 42.74800
2.63389 47.44000
2.64292 52.52000
2.65195 57.51500
2.66098 62.83100
2.67001 67.45500
2.67904 72.67000
2.68806 73.12600
2.69709 75.50500
2.70612 74.72900
2.71515 73.10900
2.72418 70.24000
2.73321 66.91500
2.74223 64.53600
2.75126 59.15200
2.76029 56.28300
2.76932 56.36800
2.77835 52.57000
2.78738 52.11500
2.79641 50.76500
2.80543 52.19900
2.81446 52.25000
2.82349 54.46000
2.83252 51.62500
2.84155 55.89500
2.85058 52.99200
2.85960 51.17000
2.86863 49.95400
2.87766 49.14400
2.88669 46.03900
2.89572 45.06000
2.90475 42.07300
2.91378 40.60500
2.92280 38.81600
2.93183 38.29300
2.94086 37.33100
2.94989 36.01400
2.95892 35.98100
2.96795 33.90500
2.97698 35.89600
2.98600 36.14900
2.99503 36.20000
3.00406 35.06900
3.01309 36.74000
3.02212 36.47000
3.03115 35.28900
3.04017 34.78200
3.04920 34.25900
3.05823 34.05700
3.06726 33.29700
3.07629 35.30600
3.08532 32.89200
3.09435 33.12900
3.10337 32.04800
3.11240 32.79100
3.12143 33.31400
3.13046 34.07400
3.13949 34.91700
3.14852 35.79500
3.15754 35.39000
3.16657 34.66400
3.17560 37.04400
3.18463 36.87500
3.19366 39.32200
3.20269 40.14900
3.21172 42.34300
3.22074 43.33900
3.22977 48.30100
3.23880 51.86100
3.24783 56.31700
3.25686 62.13900
3.26589 67.48900
3.27491 72.55200
3.28394 76.16400
3.29297 80.72000
3.30200 84.65300
3.31103 86.25600
3.32006 87.15000
3.32909 83.42100
3.33811 82.88000
3.34714 80.99000
3.35617 76.33200
3.36520 70.32400
3.37423 65.83500
3.38326 62.10600
3.39229 57.05900
3.40131 53.60000
3.41034 52.31700
3.41937 50.35900
3.42840 48.67200
3.43743 47.57500
3.44646 47.74400
3.45548 46.88300
3.46451 47.22000
3.47354 49.90400
3.48257 51.00100
3.49160 54.07200
3.50063 59.47300
3.50966 65.66600
3.51868 72.04600
3.52771 86.02000
3.53674 104.71900
3.54577 132.59900
3.55480 169.38900
3.56383 226.82000
3.57285 298.07300
3.58188 400.24300
3.59091 531.94700
3.59994 698.55200
3.60897 890.59000
3.61800 1118.84400
3.62703 1379.97400
3.63605 1662.48700
3.64508 1938.23200
3.65411 2218.58400
3.66314 2455.19300
3.67217 2658.74000
3.68120 2787.96400
3.69022 2844.23000
3.69925 2851.57100
3.70828 2747.78100
3.71731 2581.63200
3.72634 2373.39300
3.73537 2099.38600
3.74440 1828.21400
3.75342 1550.07300
3.76245 1270.12500
3.77148 1016.43800
3.78051 813.12700
3.78954 623.50200
3.79857 476.54200
3.80759 353.00600
3.81662 269.29800
3.82565 204.00300
3.83468 160.27600
3.84371 127.28300
3.85274 110.42300
3.86177 101.10700
3.87079 95.48700
3.87982 97.78200
3.88885 101.78200
3.89788 113.12300
3.90691 123.92400
3.91594 144.02400
3.92497 165.86200
3.93399 194.83900
3.94302 217.58900
3.95205 253.31600
3.96108 291.54100
3.97011 320.31600
3.97914 353.34300
3.98816 378.10100
3.99719 393.59400
4.00622 402.13300
4.01525 405.35700
4.02428 396.27700
4.03331 379.23200
4.04234 354.10300
4.05136 323.30300
4.06039 282.12400
4.06942 244.42200
4.07845 209.06600
4.08748 171.21200
4.09651 139.51800
4.10553 113.51100
4.11456 87.13300
4.12359 70.18900
4.13262 54.64600
4.14165 42.88300
4.15068 33.97200
4.15971 28.08200
4.16873 24.43700
4.17776 22.15900
4.18679 19.64400
4.19582 19.10400
4.20485 18.07500
4.21388 17.45000
4.22290 16.75800
4.23193 16.33600
4.24096 16.33600
4.24999 17.45000
4.25902 15.64500
4.26805 15.54300
4.27708 16.18500
4.28610 16.37000
4.29513 15.62800
4.30416 14.95300
4.31319 14.51400
4.32222 14.90200
4.33125 15.79600
4.34028 16.05000
4.34930 14.61500
4.35833 15.05400
4.36736 14.69900
4.37639 15.51000
4.38542 15.47600
4.39445 15.42500
4.40347 14.80100
4.41250 15.81300
4.42153 15.18900
4.43056 15.57700
4.43959 15.18900
4.44862 16.13400
4.45765 16.48800
4.46667 15.71200
4.47570 16.53900
4.48473 18.09200
4.49376 16.94400
4.50279 17.82200
4.51182 17.06200
4.52084 17.67000
4.52987 16.60600
4.53890 17.85500
4.54793 17.14700
4.55696 16.94400
4.56599 16.97800
4.57502 15.83000
4.58404 16.60600
4.59307 16.62300
4.60210 15.66100
4.61113 15.93100
4.62016 16.99500
4.62919 15.71200
4.63821 17.28200
4.64724 16.67400
4.65627 16.40400
4.66530 15.98200
4.67433 16.25200
4.68336 15.84700
4.69239 16.21800
4.70141 15.98200
4.71044 16.13400
4.71947 14.81800
4.72850 16.05000
4.73753 14.86800
4.74656 14.88500
4.75558 16.16800
4.76461 15.20600
4.77364 14.78400
4.78267 14.07500
4.79170 15.39100
4.80073 14.58100
4.80976 14.27800
4.81878 14.15900
4.82781 14.09200
4.83684 13.02900
4.84587 13.78800
4.85490 14.66600
4.86393 13.68700
4.87296 14.31100
4.88198 13.40000
4.89101 14.26100
4.90004 12.82600
4.90907 13.34900
4.91810 12.86000
4.92713 14.27800
4.93615 13.50100
4.94518 13.02900
4.95421 12.89400
4.96324 12.67400
4.97227 13.07900
4.98130 12.80900
4.99033 12.80900
4.99935 12.26900
5.00838 12.72500
5.01741 12.06700
5.02644 12.03300
5.03547 12.23500
5.04450 11.39200
5.05352 12.32000
5.06255 12.40400
5.07158 11.37500
5.08061 11.78000
5.08964 11.67900
5.09867 11.20600
5.10770 11.42500
5.11672 11.22300
5.12575 10.75000
5.13478 11.47600
5.14381 11.64500
5.15284 10.85200
5.16187 11.45900
5.17089 10.39600
5.17992 10.12600
5.18895 10.24400
5.19798 10.93600
5.20701 10.16000
5.21604 10.66600
5.22507 9.11300
5.23409 10.19300
5.24312 9.53500
5.25215 9.83900
5.26118 9.45100
5.27021 9.50100
5.27924 9.62000
5.28827 8.91100
5.29729 9.33300
5.30632 9.18100
5.31535 9.16400
5.32438 8.52300
5.33341 9.14700
5.34244 8.79300
5.35146 8.37100
5.36049 8.05000
5.36952 7.45900
5.37855 7.99900
5.38758 8.33700
5.39661 8.59000
5.40564 7.91500
5.41466 7.52700
5.42369 6.73400
5.43272 6.04200
5.44175 5.43400
5.45078 5.40000
5.45981 5.06300
5.46883 5.19800
5.47786 5.63700
5.48689 4.87700
5.49592 4.30400
5.50495 4.20200
5.51398 4.06700
5.52301 3.15600
5.53203 3.78000
5.54106 3.27400
5.55009 3.49300
5.55912 3.42600
5.56815 3.13900
5.57718 3.20700
5.58620 2.88600
5.59523 3.32500
5.60426 3.25700
5.61329 3.44300
5.62232 3.10500
5.63135 3.34200
5.64038 2.93700
5.64940 2.98700
5.65843 3.37500
5.66746 3.64500
5.67649 3.44300
5.68552 3.25700
5.69455 3.22300
5.70358 2.86900
5.71260 3.12200
5.72163 3.42600
5.73066 2.86900
5.73969 3.29100
5.74872 3.46000
5.75775 2.86900
5.76677 2.78500
5.77580 3.08800
5.78483 3.22300
5.79386 3.13900
5.80289 2.71700
5.81192 3.02100
5.82095 3.17300
5.82997 3.29100
5.83900 2.81800
5.84803 2.92000
5.85706 3.56100
5.86609 3.35800
5.87512 3.73000
5.88414 3.34200
5.89317 3.40900
5.90220 3.56100
5.91123 3.47700
5.92026 4.25300
5.92929 4.40500
5.93832 4.97900
5.94734 5.29900
5.95637 5.21500
5.96540 5.02900
5.97443 5.77200
5.98346 6.46400
5.99249 6.54800
6.00151 7.25700
6.01054 7.52700
6.01957 7.64500
6.02860 7.98300
6.03763 8.55600
6.04666 7.69600
6.05569 7.91500
6.06471 9.43400
6.07374 9.24800
6.08277 9.43400
6.09180 9.40000
6.10083 9.28200
6.10986 9.94000
6.11888 9.90700
6.12791 10.14300
6.13694 8.65800
6.14597 10.22700
6.15500 9.80500
6.16403 10.29500
6.17306 10.58200
6.18208 10.36200
6.19111 9.89000
6.20014 9.92300
6.20917 10.09200
6.21820 10.63200
6.22723 10.29500
6.23626 10.21000
6.24528 10.32800
6.25431 10.27800
6.26334 11.69500
6.27237 11.22300
6.28140 11.24000
6.29043 11.05400
6.29945 11.99900
6.30848 11.66200
6.31751 10.56500
6.32654 11.54400
6.33557 11.71200
6.34460 11.20600
6.35363 10.90200
6.36265 11.84700
6.37168 11.96500
6.38071 12.25200
6.38974 12.45500
6.39877 11.25700
6.40780 12.40400
6.41682 11.40900
6.42585 11.34100
6.43488 11.45900
6.44391 12.37000
6.45294 11.56000
6.46197 11.56000
6.47100 12.05000
6.48002 11.66200
6.48905 11.57700
6.49808 11.99900
6.50711 11.35800
6.51614 11.25700
6.52517 10.98700
6.53419 11.62800
6.54322 11.84700
6.55225 12.48900
6.56128 11.88100
6.57031 11.94900
6.57934 11.03700
6.58837 11.37500
6.59739 12.15100
6.60642 10.86800
6.61545 12.15100
6.62448 10.61500
6.63351 11.37500
6.64254 10.73300
6.65157 11.76300
6.66059 11.64500
6.66962 11.71200
6.67865 11.27400
6.68768 11.20600
6.69671 11.07100
6.70574 11.00300
6.71476 11.40900
6.72379 11.05400
6.73282 11.44200
6.74185 11.30700
6.75088 12.01600
6.75991 10.83500
6.76894 11.00300
6.77796 10.86800
6.78699 11.47600
6.79602 11.61100
6.80505 11.71200
6.81408 11.37500
6.82311 11.02000
6.83213 11.66200
6.84116 10.71700
6.85019 10.90200
6.85922 10.98700
6.86825 11.29000
6.87728 11.39200
6.88631 10.80100
6.89533 10.68300
6.90436 10.66600
6.91339 11.44200
6.92242 11.24000
6.93145 11.08800
6.94048 11.39200
6.94950 10.17700
6.95853 11.18900
6.96756 11.37500
6.97659 11.13800
6.98562 11.37500
6.99465 11.03700
7.00368 10.83500
7.01270 11.42500
7.02173 11.10500
7.03076 11.52700
7.03979 11.86400
7.04882 10.75000
7.05785 10.88500
7.06687 11.22300
7.07590 11.20600
7.08493 10.91900
7.09396 11.24000
7.10299 11.81400
7.11202 10.27800
7.12105 10.98700
7.13007 11.20600
7.13910 11.12200
7.14813 11.61100
7.15716 11.29000
7.16619 11.56000
7.17522 11.49300
7.18425 12.16800
7.19327 11.72900
7.20230 12.67400
7.21133 12.16800
7.22036 12.18500
7.22939 12.59000
7.23842 13.19700
7.24744 12.77600
7.25647 12.82600
7.26550 13.18100
7.27453 13.82200
7.28356 14.17600
7.29259 15.32400
7.30162 14.09200
7.31064 14.71600
7.31967 14.96900
7.32870 15.35800
7.33773 15.52600
7.34676 14.96900
7.35579 15.61100
7.36481 14.53100
7.37384 14.56400
7.38287 13.07900
7.39190 12.99500
7.40093 12.60700
7.40996 11.34100
7.41899 10.78400
7.42801 10.31200
7.43704 8.99500
7.44607 8.86000
7.45510 7.52700
7.46413 7.07100
7.47316 6.75100
7.48218 5.48500
7.49121 5.65400
7.50024 4.91100
7.50927 5.35000
7.51830 5.16400
7.52733 4.97900
7.53636 4.06700
7.54538 4.15200
7.55441 4.62400
7.56344 3.98300
7.57247 4.32000
7.58150 4.00000
7.59053 4.13500
7.59956 4.20200
7.60858 4.25300
7.61761 4.30400
7.62664 4.40500
7.63567 4.67500
7.64470 4.28700
7.65373 4.28700
7.66275 4.57400
7.67178 4.35400
7.68081 3.78000
7.68984 4.05000
7.69887 3.76300
7.70790 3.78000
7.71693 3.78000
7.72595 3.34200
7.73498 3.35800
7.74401 3.24000
7.75304 2.56500
7.76207 2.65000
7.77110 2.38000
7.78012 2.00800
7.78915 1.84000
7.79818 1.87300
7.80721 1.80600
7.81624 1.65400
7.82527 1.43500
7.83430 1.40100
7.84332 1.38400
7.85235 1.26600
7.86138 1.33300
7.87041 1.16400
7.87944 1.35000
7.88847 0.89400
7.89749 0.94500
7.90652 1.26600
7.91555 0.99600
7.92458 1.35000
7.93361 1.02900
7.94264 1.16400
7.95167 0.99600
7.96069 1.06300
7.96972 1.04600
7.97875 0.99600
7.98778 1.18100
7.99681 1.04600
8.00584 1.08000
8.01487 1.06300
8.02389 0.84400
8.03292 1.08000
8.04195 0.92800
8.05098 1.08000
8.06001 1.02900
8.06904 0.89400
8.07806 0.65800
8.08709 0.89400
8.09612 0.82700
8.10515 0.89400
8.11418 0.67500
8.12321 0.67500
8.13224 0.67500
8.14126 0.69200
8.15029 0.72600
8.15932 0.74300
8.16835 0.57400
8.17738 0.72600
8.18641 0.86100
8.19543 0.60800
8.20446 0.79300
8.21349 0.55700
8.22252 0.62400
8.23155 0.62400
8.24058 0.67500
8.24961 0.74300
8.25863 0.81000
8.26766 0.75900
8.27669 0.69200
8.28572 0.50600
8.29475 0.60800
8.30378 0.69200
8.31280 0.77600
8.32183 0.62400
8.33086 0.69200
8.33989 0.55700
8.34892 0.55700
8.35795 0.77600
8.36698 0.64100
8.37600 0.55700
8.38503 0.60800
8.39406 0.59100
8.40309 0.48900
8.41212 0.54000
8.42115 0.65800
8.43017 0.48900
8.43920 0.55700
8.44823 0.54000
8.45726 0.59100
8.46629 0.74300
8.47532 0.75900
8.48435 0.79300
8.49337 0.54000
8.50240 0.52300
8.51143 0.54000
8.52046 0.50600
8.52949 0.48900
8.53852 0.48900
8.54755 0.57400
8.55657 0.69200
8.56560 0.33800
8.57463 0.42200
8.58366 0.47300
8.59269 0.50600
8.60172 0.37100
8.61074 0.43900
8.61977 0.64100
8.62880 0.54000
8.63783 0.32100
8.64686 0.70900
8.65589 0.45600
8.66492 0.42200
8.67394 0.55700
8.68297 0.52300
8.69200 0.52300
8.70103 0.25300
8.71006 0.42200
8.71909 0.55700
8.72811 0.37100
8.73714 0.52300
8.74617 0.40500
8.75520 0.37100
8.76423 0.48900
8.77326 0.54000
8.78229 0.43900
8.79131 0.43900
8.80034 0.60800
8.80937 0.42200
8.81840 0.42200
8.82743 0.52300
8.83646 0.40500
8.84548 0.45600
8.85451 0.37100
8.86354 0.43900
8.87257 0.42200
8.88160 0.43900
8.89063 0.37100
8.89966 0.30400
8.90868 0.45600
8.91771 0.42200
8.92674 0.40500
8.93577 0.32100
8.94480 0.45600
8.95383 0.35400
8.96286 0.38800
8.97188 0.45600
8.98091 0.35400
8.98994 0.54000
8.99897 0.25300
9.00800 0.28700
9.01703 0.38800
9.02605 0.38800
9.03508 0.42200
9.04411 0.33800
9.05314 0.23600
9.06217 0.50600
9.07120 0.38800
9.08023 0.33800
9.08925 0.28700
9.09828 0.43900
9.10731 0.35400
9.11634 0.40500
9.12537 0.33800
9.13440 0.23600
9.14342 0.32100
9.15245 0.30400
9.16148 0.33800
9.17051 0.18600
9.17954 0.38800
9.18857 0.43900
9.19760 0.42200
9.20662 0.42200
9.21565 0.32100
9.22468 0.42200
9.23371 0.37100
9.24274 0.40500
9.25177 0.27000
9.26079 0.35400
9.26982 0.20300
9.27885 0.28700
9.28788 0.42200
9.29691 0.28700
9.30594 0.45600
9.31497 0.20300
9.32399 0.25300
9.33302 0.38800
9.34205 0.37100
9.35108 0.25300
9.36011 0.37100
9.36914 0.42200
9.37816 0.30400
9.38719 0.35400
9.39622 0.40500
9.40525 0.43900
9.41428 0.38800
9.42331 0.30400
9.43234 0.33800
9.44136 0.27000
9.45039 0.52300
9.45942 0.37100
9.46845 0.50600
9.47748 0.37100
9.48651 0.40500
9.49554 0.37100
9.50456 0.57400
9.51359 0.42200
9.52262 0.42200
9.53165 0.35400
9.54068 0.38800
9.54971 0.30400
9.55873 0.38800
9.56776 0.43900
9.57679 0.27000
9.58582 0.35400
9.59485 0.30400
9.60388 0.27000
9.61291 0.40500
9.62193 0.28700
9.63096 0.27000
9.63999 0.15200
9.64902 0.47300
9.65805 0.35400
9.66708 0.35400
9.67610 0.21900
9.68513 0.28700
9.69416 0.54000
9.70319 0.30400
9.71222 0.55700
9.72125 0.40500
9.73028 0.28700
9.73930 0.25300
9.74833 0.38800
9.75736 0.38800
9.76639 0.25300
9.77542 0.35400
9.78445 0.48900
9.79347 0.55700
9.80250 0.38800
9.81153 0.42200
9.82056 0.30400
9.82959 0.43900
9.83862 0.33800
9.84765 0.18600
9.85667 0.38800
9.86570 0.37100
9.87473 0.27000
9.88376 0.43900
9.89279 0.32100
9.90182 0.48900
9.91085 0.33800
9.91987 0.23600
9.92890 0.38800
9.93793 0.28700
9.94696 0.43900
9.95599 0.21900
9.96502 0.35400
9.97404 0.35400
9.98307 0.40500
9.99210 0.40500
10.00113 0.33800
10.01016 0.52300
10.01919 0.30400
10.02822 0.28700
10.03724 0.37100
10.04627 0.30400
10.05530 0.32100
10.06433 0.42200
10.07336 0.32100
10.08239 0.40500
10.09141 0.32100
10.10044 0.20300
10.10947 0.32100
10.11850 0.25300
10.12753 0.30400
10.13656 0.27000
10.14559 0.27000
10.15461 0.30400
10.16364 0.21900
10.17267 0.28700
10.18170 0.30400
10.19073 0.37100
10.19976 0.27000
10.20878 0.27000
10.21781 0.40500
10.22684 0.30400
10.23587 0.30400
10.24490 0.25300
10.25393 0.20300
10.26296 0.38800
10.27198 0.33800
10.28101 0.21900
10.29004 0.20300
10.29907 0.13500
10.30810 0.27000
10.31713 0.23600
10.32616 0.32100
10.33518 0.30400
10.34421 0.20300
10.35324 0.11800
10.36227 0.21900
10.37130 0.27000
10.38033 0.28700
10.38935 0.23600
10.39838 0.21900
10.40741 0.28700
10.41644 0.23600
10.42547 0.25300
10.43450 0.25300
10.44353 0.18600
10.45255 0.18600
10.46158 0.25300
10.47061 0.25300
10.47964 0.25300
10.48867 0.21900
10.49770 0.21900
10.50672 0.21900
10.51575 0.28700
10.52478 0.21900
10.53381 0.20300
10.54284 0.08400
10.55187 0.28700
10.56090 0.13500
10.56992 0.20300
10.57895 0.15200
10.58798 0.25300
10.59701 0.08400
10.60604 0.21900
10.61507 0.20300
10.62409 0.28700
10.63312 0.20300
10.64215 0.20300
10.65118 0.18600
10.66021 0.16900
10.66924 0.05100
10.67827 0.28700
10.68729 0.15200
10.69632 0.13500
10.70535 0.27000
10.71438 0.13500
10.72341 0.16900
10.73244 0.20300
10.74146 0.28700
10.75049 0.13500
10.75952 0.16900
10.76855 0.27000
10.77758 0.15200
10.78661 0.15200
10.79564 0.03400
10.80466 0.21900
10.81369 0.11800
10.82272 0.10100
10.83175 0.13500
10.84078 0.20300
10.84981 0.21900
10.85884 0.20300
10.86786 0.10100
10.87689 0.11800
10.88592 0.15200
10.89495 0.18600
10.90398 0.08400
10.91301 0.16900
10.92203 0.13500
10.93106 0.11800
10.94009 0.10100
10.94912 0.11800
10.95815 0.10100
10.96718 0.08400
10.97621 0.05100
10.98523 0.08400
10.99426 0.13500
11.00329 0.13500
11.01232 0.10100
11.02135 0.15200
11.03038 0.16900
11.03940 0.13500
11.04843 0.08400
11.05746 0.13500
11.06649 0.13500
11.07552 0.08400
11.08455 0.03400
11.09358 0.18600
11.10260 0.03400
11.11163 0.05100
11.12066 0.08400
11.12969 0.08400
11.13872 0.03400
11.14775 0.13500
11.15677 0.06800
11.16580 0.05100
11.17483 0.11800
11.18386 0.11800
11.19289 0.05100
11.20192 0.08400
11.21095 0.06800
11.21997 0.10100
11.22900 0.01700
11.23803 0.05100
11.24706 0.06800
11.25609 0.08400
11.26512 0.08400
11.27415 0.01700
11.28317 0.06800
11.29220 0.06800
11.30123 0.05100
11.31026 0.05100
11.31929 0.11800
11.32832 0.05100
11.33734 0.06800
11.34637 0.05100
11.35540 0.03400
11.36443 0.01700
11.37346 0.05100
11.38249 0.03400
11.39152 0.01700
11.40054 0.05100
11.40957 0.01700
11.41860 0.06800
11.42763 0.00000
11.43666 0.03400
11.44569 0.01700
11.45471 0.03400
11.46374 0.03400
11.47277 0.05100
11.48180 0.03400
11.49083 0.01700
11.49986 0.05100
11.50889 0.01700
11.51791 0.03400
11.52694 0.03400
11.53597 0.10100
11.54500 0.00000
11.55403 0.01700
11.56306 0.03400
11.57208 0.05100
11.58111 0.06800
11.59014 0.03400
11.59917 0.00000
11.60820 0.01700
11.61723 0.00000
11.62626 0.00000
11.63528 0.00000
11.64431 0.03400
11.65334 0.00000
11.66237 0.01700
11.67140 0.01700
11.68043 0.05100
11.68945 0.01700
11.69848 0.06800
11.70751 0.00000
11.71654 0.05100
11.72557 0.01700
11.73460 0.03400
11.74363 0.03400
11.75265 0.06800
11.76168 0.00000
11.77071 0.06800
11.77974 0.03400
11.78877 0.01700
11.79780 0.03400
11.80683 0.06800
11.81585 0.06800
11.82488 0.03400
11.83391 0.05100
11.84294 0.03400
11.85197 0.01700
11.86100 0.01700
11.87002 0.01700
11.87905 0.05100
11.88808 0.01700
11.89711 0.00000
11.90614 0.01700
11.91517 0.00000
11.92420 0.00000
11.93322 0.00000
11.94225 0.08400
11.95128 0.00000
11.96031 0.03400
11.96934 0.00000
11.97837 0.03400
11.98739 0.00000
11.99642 0.05100
12.00545 0.01700
12.01448 0.00000
12.02351 0.01700
12.03254 0.01700
12.04157 0.01700
12.05059 0.03400
12.05962 0.01700
12.06865 0.03400
12.07768 0.01700
12.08671 0.01700
12.09574 0.03400
12.10476 0.03400
12.11379 0.00000
12.12282 0.03400
12.13185 0.00000
12.14088 0.03400
12.14991 0.03400
12.15894 0.01700
12.16796 0.03400
12.17699 0.03400
12.18602 0.05100
12.19505 0.01700
12.20408 0.03400
12.21311 0.00000
12.22214 0.01700
12.23116 0.00000
12.24019 0.00000
12.24922 0.00000
12.25825 0.01700
12.26728 0.00000
12.27631 0.01700
12.28533 0.00000
12.29436 0.01700
12.30339 0.00000
12.31242 0.03400
12.32145 0.05100
12.33048 0.03400
12.33951 0.01700
12.34853 0.03400
12.35756 0.03400
12.36659 0.03400
12.37562 0.00000
12.38465 0.03400
12.39368 0.00000
12.40270 0.01700
12.41173 0.00000
12.42076 0.00000
12.42979 0.00000
12.43882 0.00000
12.44785 0.01700
12.45688 0.00000
12.46590 0.01700
12.47493 0.00000
12.48396 0.01700
12.49299 0.03400
12.50202 0.01700
12.51105 0.01700
12.52007 0.00000
12.52910 0.00000
12.53813 0.00000
12.54716 0.01700
12.55619 0.01700
12.56522 0.01700
12.57425 0.03400
12.58327 0.03400
12.59230 0.00000
12.60133 0.00000
12.61036 0.01700
12.61939 0.00000
12.62842 0.00000
12.63745 0.01700
12.64647 0.00000
12.65550 0.00000
12.66453 0.00000
12.67356 0.01700
12.68259 0.01700
12.69162 0.01700
12.70064 0.00000
12.70967 0.00000
12.71870 0.00000
12.72773 0.01700
12.73676 0.00000
12.74579 0.00000
12.75482 0.00000
12.76384 0.00000
12.77287 0.00000
12.78190 0.00000
12.79093 0.01700
12.79996 0.00000
12.80899 0.01700
12.81801 0.01700
12.82704 0.00000
12.83607 0.00000
12.84510 0.00000
12.85413 0.03400
12.86316 0.01700
12.87219 0.01700
12.88121 0.01700
12.89024 0.01700
12.89927 0.03400
12.90830 0.00000
12.91733 0.01700
12.92636 0.00000
12.93538 0.00000
12.94441 0.00000
12.95344 0.03400
12.96247 0.00000
12.97150 0.00000
12.98053 0.01700
12.98956 0.01700
12.99858 0.00000
13.00761 0.00000
13.01664 0.00000
13.02567 0.00000
13.03470 0.03400
13.04373 0.01700
13.05275 0.01700
13.06178 0.00000
13.07081 0.01700
13.07984 0.00000
13.08887 0.00000
13.09790 0.00000
13.10693 0.00000
13.11595 0.00000
13.12498 0.00000
13.13401 0.01700
13.14304 0.01700
13.15207 0.00000
13.16110 0.00000
13.17013 0.00000
13.17915 0.00000
13.18818 0.00000
13.19721 0.01700
13.20624 0.00000
13.21527 0.00000
13.22430 0.00000
13.23332 0.00000
13.24235 0.00000
13.25138 0.00000
13.26041 0.00000
13.26944 0.00000
13.27847 0.01700
13.28750 0.00000
13.29652 0.00000
13.30555 0.01700
13.31458 0.00000
13.32361 0.00000
13.33264 0.00000
13.34167 0.01700
13.35069 0.01700
13.35972 0.00000
13.36875 0.01700
13.37778 0.00000
13.38681 0.00000
13.39584 0.00000
13.40487 0.00000
13.41389 0.01700
13.42292 0.01700
13.43195 0.00000
13.44098 0.00000
13.45001 0.00000
13.45904 0.00000
13.46806 0.00000
13.47709 0.01700
13.48612 0.00000
13.49515 0.00000
13.50418 0.01700
13.51321 0.00000
13.52224 0.00000
13.53126 0.01700
13.54029 0.00000
13.54932 0.01700
13.55835 0.00000
13.56738 0.00000
13.57641 0.01700
13.58544 0.01700
13.59446 0.00000
13.60349 0.00000
13.61252 0.01700
13.62155 0.01700
13.63058 0.01700
13.63961 0.00000
13.64863 0.00000
13.65766 0.00000
13.66669 0.01700
13.67572 0.01700
13.68475 0.01700
13.69378 0.00000
13.70281 0.00000
13.71183 0.03400
13.72086 0.00000
13.72989 0.01700
13.73892 0.00000
13.74795 0.00000
13.75698 0.00000
13.76600 0.00000
13.77503 0.00000
13.78406 0.00000
13.79309 0.00000
13.80212 0.00000
13.81115 0.00000
13.82018 0.00000
13.82920 0.00000
13.83823 0.00000
13.84726 0.00000
13.85629 0.00000
13.86532 0.01700
13.87435 0.01700
13.88337 0.00000
13.89240 0.00000
13.90143 0.00000
13.91046 0.00000
13.91949 0.01700
13.92852 0.00000
13.93755 0.01700
13.94657 0.00000
13.95560 0.00000
13.96463 0.00000
13.97366 0.00000
13.98269 0.00000
13.99172 0.00000
14.00074 0.00000
14.00977 0.00000
14.01880 0.00000
14.02783 0.00000
14.03686 0.00000
14.04589 0.00000
14.05492 0.00000
14.06394 0.00000
14.07297 0.00000
14.08200 0.00000
14.09103 0.00000
14.10006 0.00000
14.10909 0.00000
14.11812 0.00000
14.12714 0.00000
14.13617 0.00000
14.14520 0.00000
14.15423 0.01700
14.16326 0.00000
14.17229 0.01700
14.18131 0.00000
14.19034 0.01700
14.19937 0.00000
14.20840 0.00000
14.21743 0.00000
14.22646 0.01700
14.23549 0.00000
14.24451 0.00000
14.25354 0.00000
14.26257 0.00000
14.27160 0.00000
14.28063 0.00000
14.28966 0.01700
14.29868 0.00000
14.30771 0.00000
14.31674 0.00000
14.32577 0.00000
14.33480 0.00000
14.34383 0.00000
14.35286 0.00000
14.36188 0.00000
14.37091 0.00000
14.37994 0.00000
14.38897 0.00000
14.39800 0.00000
14.40703 0.00000
14.41605 0.00000
14.42508 0.00000
14.43411 0.00000
14.44314 0.00000
14.45217 0.00000
14.46120 0.01700
14.47023 0.00000
14.47925 0.00000
14.48828 0.00000
14.49731 0.00000
14.50634 0.00000
14.51537 0.00000
14.52440 0.00000
14.53343 0.01700
14.54245 0.00000
14.55148 0.00000
14.56051 0.00000
14.56954 0.00000
14.57857 0.00000
14.58760 0.00000
14.59662 0.00000
14.60565 0.00000
14.61468 0.00000
14.62371 0.00000
14.63274 0.00000
14.64177 0.00000
14.65080 0.00000
14.65982 0.00000
14.66885 0.00000
14.67788 0.00000
14.68691 0.00000
14.69594 0.00000
14.70497 0.00000
14.71399 0.00000
14.72302 0.00000
14.73205 0.00000
14.74108 0.00000
14.75011 0.00000
14.75914 0.00000
14.76817 0.00000
14.77719 0.00000
14.78622 0.00000
14.79525 0.00000
14.80428 0.00000
14.81331 0.00000
14.82234 0.00000
14.83136 0.00000
14.84039 0.00000
14.84942 0.00000
14.85845 0.00000
14.86748 0.00000
14.87651 0.00000
14.88554 0.00000
14.89456 0.00000
14.90359 0.00000
14.91262 0.00000
14.92165 0.00000
14.93068 0.00000
14.93971 0.00000
14.94874 0.00000
14.95776 0.00000
14.96679 0.00000
14.97582 0.00000
14.98485 0.00000
14.99388 0.00000
15.00291 0.00000
15.01193 0.00000
15.02096 0.00000
15.02999 0.00000
15.03902 0.00000
15.04805 0.00000
15.05708 0.00000
15.06611 0.00000
15.07513 0.00000
15.08416 0.00000
15.09319 0.00000
15.10222 0.00000
15.11125 0.00000
15.12028 0.00000
15.12930 0.00000
15.13833 0.00000
15.14736 0.00000
15.15639 0.00000
15.16542 0.00000
15.17445 0.00000
15.18348 0.00000
15.19250 0.00000
15.20153 0.00000
15.21056 0.00000
15.21959 0.00000
15.22862 0.00000
15.23765 0.00000
15.24667 0.00000
15.25570 0.00000
15.26473 0.00000
15.27376 0.00000
15.28279 0.00000
15.29182 0.00000
15.30085 0.00000
15.30987 0.00000
15.31890 0.00000
15.32793 0.00000
15.33696 0.00000
15.34599 0.00000
15.35502 0.00000
15.36404 0.00000
15.37307 0.00000
15.38210 0.00000
15.39113 0.00000
15.40016 0.00000
15.40919 0.00000
15.41822 0.01700
15.42724 0.00000
15.43627 0.00000
15.44530 0.00000
15.45433 0.00000
15.46336 0.00000
15.47239 0.00000
15.48142 0.00000
15.49044 0.00000
15.49947 0.00000
15.50850 0.00000
15.51753 0.00000
15.52656 0.00000
15.53559 0.00000
15.54461 0.00000
15.55364 0.00000
15.56267 0.01700
15.57170 0.00000
15.58073 0.00000
15.58976 0.00000
15.59879 0.00000
15.60781 0.00000
15.61684 0.00000
15.62587 0.00000
15.63490 0.00000
15.64393 0.00000
15.65296 0.00000
15.66198 0.00000
15.67101 0.00000
15.68004 0.00000
15.68907 0.00000
15.69810 0.01700
15.70713 0.00000
15.71616 0.00000
15.72518 0.00000
15.73421 0.00000
15.74324 0.00000
15.75227 0.00000
15.76130 0.00000
15.77033 0.00000
15.77935 0.00000
15.78838 0.00000
15.79741 0.00000
15.80644 0.00000
15.81547 0.00000
15.82450 0.00000
15.83353 0.00000
15.84255 0.00000
15.85158 0.00000
15.86061 0.00000
15.86964 0.00000
15.87867 0.00000
15.88770 0.00000
15.89673 0.00000
15.90575 0.00000
15.91478 0.00000
15.92381 0.00000
15.93284 0.00000
15.94187 0.00000
15.95090 0.00000
15.95992 0.00000
15.96895 0.00000
15.97798 0.00000
15.98701 0.00000
15.99604 0.00000
16.00507 0.00000
16.01410 0.00000
16.02312 0.00000
16.03215 0.00000
16.04118 0.00000
16.05021 0.00000
16.05924 0.00000
16.06827 0.00000
16.07729 0.00000
16.08632 0.00000
16.09535 0.00000
16.10438 0.00000
16.11341 0.00000
16.12244 0.00000
16.13147 0.00000
16.14049 0.00000
16.14952 0.00000
16.15855 0.00000
16.16758 0.00000
16.17661 0.00000
16.18564 0.00000
16.19466 0.00000
16.20369 0.00000
16.21272 0.00000
16.22175 0.00000
16.23078 0.00000
16.23981 0.00000
16.24884 0.00000
16.25786 0.00000
16.26689 0.00000
16.27592 0.00000
16.28495 0.00000
16.29398 0.00000
16.30301 0.00000
16.31203 0.00000
16.32106 0.00000
16.33009 0.00000
16.33912 0.00000
16.34815 0.00000
16.35718 0.00000
16.36621 0.00000
16.37523 0.00000
16.38426 0.00000
16.39329 0.00000
16.40232 0.00000
16.41135 0.00000
16.42038 0.00000
16.42941 0.00000
16.43843 0.00000
16.44746 0.00000
16.45649 0.00000
16.46552 0.00000
16.47455 0.00000
16.48358 0.00000
16.49260 0.00000
16.50163 0.00000
16.51066 0.00000
16.51969 0.00000
16.52872 0.00000
16.53775 0.00000
16.54678 0.00000
16.55580 0.00000
16.56483 0.00000
16.57386 0.00000
16.58289 0.00000
16.59192 0.00000
16.60095 0.00000
16.60997 0.00000
16.61900 0.00000
16.62803 0.00000
16.63706 0.00000
16.64609 0.00000
16.65512 0.00000
16.66415 0.00000
16.67317 0.00000
16.68220 0.00000
16.69123 0.00000
16.70026 0.00000
16.70929 0.00000
16.71832 0.00000
16.72734 0.00000
16.73637 0.00000
16.74540 0.00000
16.75443 0.00000
16.76346 0.00000
16.77249 0.00000
16.78152 0.00000
16.79054 0.00000
16.79957 0.00000
16.80860 0.00000
16.81763 0.00000
16.82666 0.00000
16.83569 0.00000
16.84472 0.00000
16.85374 0.00000
16.86277 0.00000
16.87180 0.00000
16.88083 0.00000
16.88986 0.00000
16.89889 0.00000
16.90791 0.00000
16.91694 0.00000
16.92597 0.00000
16.93500 0.00000
16.94403 0.00000
16.95306 0.00000
16.96209 0.00000
16.97111 0.00000
16.98014 0.00000
16.98917 0.00000
16.99820 0.00000
17.00723 0.00000
17.01626 0.00000
17.02528 0.00000
17.03431 0.00000
17.04334 0.00000
17.05237 0.00000
17.06140 0.00000
17.07043 0.00000
17.07946 0.00000
17.08848 0.00000
17.09751 0.00000
17.10654 0.00000
17.11557 0.00000
17.12460 0.00000
17.13363 0.00000
17.14265 0.00000
17.15168 0.00000
17.16071 0.00000
17.16974 0.00000
17.17877 0.00000
17.18780 0.00000
17.19683 0.00000
17.20585 0.00000
17.21488 0.00000
17.22391 0.00000
17.23294 0.00000
17.24197 0.00000
17.25100 0.00000
17.26003 0.00000
17.26905 0.00000
17.27808 0.00000
17.28711 0.00000
17.29614 0.00000
17.30517 0.00000
17.31420 0.00000
17.32322 0.00000
17.33225 0.00000
17.34128 0.00000
17.35031 0.00000
17.35934 0.00000
17.36837 0.00000
17.37740 0.00000
17.38642 0.00000
17.39545 0.00000
17.40448 0.00000
17.41351 0.00000
17.42254 0.00000
17.43157 0.00000
17.44059 0.00000
17.44962 0.00000
17.45865 0.00000
17.46768 0.00000
17.47671 0.00000
17.48574 0.00000
17.49477 0.00000
17.50379 0.00000
17.51282 0.00000
17.52185 0.00000
17.53088 0.00000
17.53991 0.00000
17.54894 0.00000
17.55796 0.00000
17.56699 0.00000
17.57602 0.00000
17.58505 0.00000
17.59408 0.00000
17.60311 0.00000
17.61214 0.00000
17.62116 0.00000
17.63019 0.00000
17.63922 0.00000
17.64825 0.00000
17.65728 0.00000
17.66631 0.00000
17.67533 0.00000
17.68436 0.00000
17.69339 0.00000
17.70242 0.00000
17.71145 0.00000
17.72048 0.00000
17.72951 0.00000
17.73853 0.00000
17.74756 0.00000
17.75659 0.00000
17.76562 0.00000
17.77465 0.00000
17.78368 0.00000
17.79271 0.00000
17.80173 0.00000
17.81076 0.00000
17.81979 0.00000
17.82882 0.00000
17.83785 0.00000
17.84688 0.00000
17.85590 0.00000
17.86493 0.00000
17.87396 0.00000
17.88299 0.00000
17.89202 0.00000
17.90105 0.00000
17.91008 0.00000
17.91910 0.00000
17.92813 0.00000
17.93716 0.00000
17.94619 0.00000
17.95522 0.00000
17.96425 0.00000
17.97327 0.00000
17.98230 0.00000
17.99133 0.00000
18.00036 0.00000
18.00939 0.00000
18.01842 0.00000
18.02745 0.00000
18.03647 0.00000
18.04550 0.00000
18.05453 0.00000
18.06356 0.00000
18.07259 0.00000
18.08162 0.00000
18.09064 0.00000
18.09967 0.00000
18.10870 0.00000
18.11773 0.00000
18.12676 0.00000
18.13579 0.00000
18.14482 0.00000
18.15384 0.00000
18.16287 0.00000
18.17190 0.00000
18.18093 0.00000
18.18996 0.00000
18.19899 0.00000
18.20802 0.00000
18.21704 0.00000
18.22607 0.00000
18.23510 0.00000
18.24413 0.00000
18.25316 0.00000
18.26219 0.00000
18.27121 0.00000
18.28024 0.00000
18.28927 0.00000
18.29830 0.00000
18.30733 0.00000
18.31636 0.00000
18.32539 0.00000
18.33441 0.00000
18.34344 0.00000
18.35247 0.00000
18.36150 0.00000
18.37053 0.00000
18.37956 0.00000
18.38858 0.00000
18.39761 0.00000
18.40664 0.00000
18.41567 0.00000
18.42470 0.00000
18.43373 0.00000
18.44276 0.00000
18.45178 0.00000
18.46081 0.00000
18.46984 0.00000
18.47887 0.00000
18.48790 0.00000
18.49693 0.00000
18.50595 0.00000
18.51498 0.00000
18.52401 0.00000
18.53304 0.00000
18.54207 0.00000
18.55110 0.00000
18.56013 0.00000
18.56915 0.00000
18.57818 0.00000
18.58721 0.00000
18.59624 0.00000
18.60527 0.00000
18.61430 0.00000
18.62332 0.00000
18.63235 0.00000
18.64138 0.00000
18.65041 0.00000
18.65944 0.00000
18.66847 0.00000
18.67750 0.00000
18.68652 0.00000
18.69555 0.00000
18.70458 0.00000
18.71361 0.00000
18.72264 0.00000
18.73167 0.00000
18.74070 0.00000
18.74972 0.00000
18.75875 0.00000
18.76778 0.00000
18.77681 0.00000
18.78584 0.00000
18.79487 0.00000
18.80389 0.00000
18.81292 0.00000
18.82195 0.00000
18.83098 0.00000
18.84001 0.00000
18.84904 0.00000
18.85807 0.00000
18.86709 0.00000
18.87612 0.00000
18.88515 0.00000
18.89418 0.00000
18.90321 0.00000
18.91224 0.00000
18.92126 0.00000
18.93029 0.00000
18.93932 0.00000
18.94835 0.00000
18.95738 0.00000
18.96641 0.00000
18.97544 0.00000
18.98446 0.00000
18.99349 0.00000
19.00252 0.00000
19.01155 0.00000
19.02058 0.00000
19.02961 0.00000
19.03863 0.00000
19.04766 0.00000
19.05669 0.00000
19.06572 0.00000
19.07475 0.00000
19.08378 0.00000
19.09281 0.00000
19.10183 0.00000
19.11086 0.00000
19.11989 0.00000
19.12892 0.00000
19.13795 0.00000
19.14698 0.00000
19.15601 0.00000
19.16503 0.00000
19.17406 0.00000
19.18309 0.00000
19.19212 0.00000
19.20115 0.00000
19.21018 0.00000
19.21920 0.00000
19.22823 0.00000
19.23726 0.00000
19.24629 0.00000
19.25532 0.00000
19.26435 0.00000
19.27338 0.00000
19.28240 0.00000
19.29143 0.00000
19.30046 0.00000
19.30949 0.00000
19.31852 0.00000
19.32755 0.00000
19.33657 0.00000
19.34560 0.00000
19.35463 0.00000
19.36366 0.00000
19.37269 0.00000
19.38172 0.00000
19.39075 0.00000
19.39977 0.00000
19.40880 0.00000
19.41783 0.00000
19.42686 0.00000
19.43589 0.00000
19.44492 0.00000
19.45394 0.00000
19.46297 0.00000
19.47200 0.00000
19.48103 0.00000
19.49006 0.00000
19.49909 0.00000
19.50812 0.00000
19.51714 0.00000
19.52617 0.00000
19.53520 0.00000
19.54423 0.00000
19.55326 0.00000
19.56229 0.00000
19.57131 0.00000
19.58034 0.00000
19.58937 0.00000
19.59840 0.00000
19.60743 0.00000
19.61646 0.00000
19.62549 0.00000
19.63451 0.00000
19.64354 0.00000
19.65257 0.00000
19.66160 0.00000
19.67063 0.00000
19.67966 0.00000
19.68869 0.00000
19.69771 0.00000
19.70674 0.00000
19.71577 0.00000
19.72480 0.00000
19.73383 0.00000
19.74286 0.00000
19.75188 0.00000
19.76091 0.00000
19.76994 0.00000
19.77897 0.00000
19.78800 0.00000
19.79703 0.00000
19.80606 0.00000
19.81508 0.00000
19.82411 0.00000
19.83314 0.00000
19.84217 0.00000
19.85120 0.00000
19.86023 0.00000
19.86925 0.00000
19.87828 0.00000
19.88731 0.00000
19.89634 0.00000
19.90537 0.00000
19.91440 0.00000
19.92343 0.00000
19.93245 0.00000
19.94148 0.00000
19.95051 0.00000
19.95954 0.00000
19.96857 0.00000
19.97760 0.00000
19.98662 0.00000
19.99565 0.00000
20.00468 0.00000
20.01371 0.00000
20.02274 0.00000
20.03177 0.00000
20.04080 0.00000
20.04982 0.00000
20.05885 0.00000
20.06788 0.00000
20.07691 0.00000
20.08594 0.00000
20.09497 0.00000
20.10400 0.00000
20.11302 0.00000
20.12205 0.00000
20.13108 0.00000
20.14011 0.00000
20.14914 0.00000
20.15817 0.00000
20.16719 0.00000
20.17622 0.00000
20.18525 0.00000
20.19428 0.00000
20.20331 0.00000
20.21234 0.00000
20.22137 0.00000
20.23039 0.00000
20.23942 0.00000
20.24845 0.00000
20.25748 0.00000
20.26651 0.00000
20.27554 0.00000
20.28456 0.00000
20.29359 0.00000
20.30262 0.00000
20.31165 0.00000
20.32068 0.00000
20.32971 0.00000
20.33874 0.00000
20.34776 0.00000
20.35679 0.00000
20.36582 0.00000
20.37485 0.00000
20.38388 0.00000
20.39291 0.00000
20.40193 0.00000
20.41096 0.00000
20.41999 0.00000
20.42902 0.00000
20.43805 0.00000
20.44708 0.00000
20.45611 0.00000
20.46513 0.00000
20.47416 0.00000
20.48319 0.00000
20.49222 0.00000
20.50125 0.00000
20.51028 0.00000
20.51931 0.00000
20.52833 0.00000
20.53736 0.00000
20.54639 0.00000
20.55542 0.00000
20.56445 0.00000
20.57348 0.00000
20.58250 0.00000
20.59153 0.00000
20.60056 0.00000
20.60959 0.00000
20.61862 0.00000
20.62765 0.00000
20.63668 0.00000
20.64570 0.00000
20.65473 0.00000
20.66376 0.00000
20.67279 0.00000
20.68182 0.00000
20.69085 0.00000
20.69987 0.00000
20.70890 0.00000
20.71793 0.00000
20.72696 0.00000
20.73599 0.00000
20.74502 0.00000
20.75405 0.00000
20.76307 0.00000
20.77210 0.00000
20.78113 0.00000
20.79016 0.00000
20.79919 0.00000
20.80822 0.00000
20.81724 0.00000
20.82627 0.00000
20.83530 0.00000
20.84433 0.00000
20.85336 0.00000
20.86239 0.00000
20.87142 0.00000
20.88044 0.00000
20.88947 0.00000
20.89850 0.00000
20.90753 0.00000
20.91656 0.00000
20.92559 0.00000
20.93461 0.00000
20.94364 0.00000
20.95267 0.00000
20.96170 0.00000
20.97073 0.00000
20.97976 0.00000
20.98879 0.00000
20.99781 0.00000
21.00684 0.00000
21.01587 0.00000
21.02490 0.00000
21.03393 0.00000
21.04296 0.00000
21.05199 0.00000
21.06101 0.00000
21.07004 0.00000
21.07907 0.00000
21.08810 0.00000
21.09713 0.00000
21.10616 0.00000
21.11518 0.00000
21.12421 0.00000
21.13324 0.00000
21.14227 0.00000
21.15130 0.00000
21.16033 0.00000
21.16936 0.00000
21.17838 0.00000
21.18741 0.00000
21.19644 0.00000
21.20547 0.00000
21.21450 0.00000
21.22353 0.00000
21.23255 0.00000
21.24158 0.00000
21.25061 0.00000
21.25964 0.00000
21.26867 0.00000
21.27770 0.00000
21.28673 0.00000
21.29575 0.00000
21.30478 0.00000
21.31381 0.00000
21.32284 0.00000
21.33187 0.00000
21.34090 0.00000
21.34992 0.00000
21.35895 0.00000
21.36798 0.00000
21.37701 0.00000
21.38604 0.00000
21.39507 0.00000
21.40410 0.00000
21.41312 0.00000
21.42215 0.00000
21.43118 0.00000
21.44021 0.00000
21.44924 0.00000
21.45827 0.00000
21.46730 0.00000
21.47632 0.00000
21.48535 0.00000
21.49438 0.00000
21.50341 0.00000
21.51244 0.00000
21.52147 0.00000
21.53049 0.00000
21.53952 0.00000
21.54855 0.00000
21.55758 0.00000
21.56661 0.00000
21.57564 0.00000
21.58467 0.00000
21.59369 0.00000
21.60272 0.00000
21.61175 0.00000
21.62078 0.00000
21.62981 0.00000
21.63884 0.00000
21.64786 0.00000
21.65689 0.00000
21.66592 0.00000
21.67495 0.00000
21.68398 0.00000
21.69301 0.00000
21.70204 0.00000
21.71106 0.00000
21.72009 0.00000
21.72912 0.00000
21.73815 0.00000
21.74718 0.00000
21.75621 0.00000
21.76523 0.00000
21.77426 0.00000
21.78329 0.00000
21.79232 0.00000
21.80135 0.00000
21.81038 0.00000
21.81941 0.00000
21.82843 0.00000
21.83746 0.00000
21.84649 0.00000
21.85552 0.00000
21.86455 0.00000
21.87358 0.00000
21.88260 0.00000
21.89163 0.00000
21.90066 0.00000
21.90969 0.00000
21.91872 0.00000
21.92775 0.00000
21.93678 0.00000
21.94580 0.00000
21.95483 0.00000
21.96386 0.00000
21.97289 0.00000
21.98192 0.00000
21.99095 0.00000
21.99998 0.00000
22.00900 0.00000
22.01803 0.00000
22.02706 0.00000
22.03609 0.00000
22.04512 0.00000
22.05415 0.00000
22.06317 0.00000
22.07220 0.00000
22.08123 0.00000
22.09026 0.00000
22.09929 0.00000
22.10832 0.00000
22.11735 0.00000
22.12637 0.00000
22.13540 0.00000
22.14443 0.00000
22.15346 0.00000
22.16249 0.00000
22.17152 0.00000
22.18054 0.00000
22.18957 0.00000
22.19860 0.00000
22.20763 0.00000
22.21666 0.00000
22.22569 0.00000
22.23472 0.00000
22.24374 0.00000
22.25277 0.00000
22.26180 0.00000
22.27083 0.00000
22.27986 0.00000
22.28889 0.00000
22.29791 0.00000
22.30694 0.00000
22.31597 0.00000
22.32500 0.00000
22.33403 0.00000
22.34306 0.00000
22.35209 0.00000
22.36111 0.00000
22.37014 0.00000
22.37917 0.00000
22.38820 0.00000
22.39723 0.00000
22.40626 0.00000
22.41529 0.00000
22.42431 0.00000
22.43334 0.00000
22.44237 0.00000
22.45140 0.00000
22.46043 0.00000
22.46946 0.00000
22.47848 0.00000
22.48751 0.00000
22.49654 0.00000
22.50557 0.00000
22.51460 0.00000
22.52363 0.00000
22.53266 0.00000
22.54168 0.00000
22.55071 0.00000
22.55974 0.00000
22.56877 0.00000
22.57780 0.00000
22.58683 0.00000
22.59585 0.00000
22.60488 0.00000
22.61391 0.00000
22.62294 0.00000
22.63197 0.00000
22.64100 0.00000
22.65003 0.00000
22.65905 0.00000
22.66808 0.00000
22.67711 0.00000
22.68614 0.00000
22.69517 0.00000
22.70420 0.00000
22.71322 0.00000
22.72225 0.00000
22.73128 0.00000
22.74031 0.00000
22.74934 0.00000
22.75837 0.00000
22.76740 0.00000
22.77642 0.00000
22.78545 0.00000
22.79448 0.00000
22.80351 0.00000
22.81254 0.00000
22.82157 0.00000
22.83060 0.00000
22.83962 0.00000
22.84865 0.00000
22.85768 0.00000
22.86671 0.00000
22.87574 0.00000
22.88477 0.00000
22.89379 0.00000
22.90282 0.00000
22.91185 0.00000
22.92088 0.00000
22.92991 0.00000
22.93894 0.00000
22.94797 0.00000
22.95699 0.00000
22.96602 0.00000
22.97505 0.00000
22.98408 0.00000
22.99311 0.00000
23.00214 0.00000
23.01116 0.00000
23.02019 0.00000
23.02922 0.00000
23.03825 0.00000
23.04728 0.00000
23.05631 0.00000
23.06534 0.00000
23.07436 0.00000
23.08339 0.00000
23.09242 0.00000
23.10145 0.00000
23.11048 0.00000
23.11951 0.00000
23.12853 0.00000
23.13756 0.00000
23.14659 0.00000
23.15562 0.00000
23.16465 0.00000
23.17368 0.00000
23.18271 0.00000
23.19173 0.00000
23.20076 0.00000
23.20979 0.00000
23.21882 0.00000
23.22785 0.00000
23.23688 0.00000
23.24590 0.00000
23.25493 0.00000
23.26396 0.00000
23.27299 0.00000
23.28202 0.00000
23.29105 0.00000
23.30008 0.00000
23.30910 0.00000
23.31813 0.00000
23.32716 0.00000
23.33619 0.00000
23.34522 0.00000
23.35425 0.00000
23.36328 0.00000
23.37230 0.00000
23.38133 0.00000
23.39036 0.00000
23.39939 0.00000
23.40842 0.00000
23.41745 0.00000
23.42647 0.00000
23.43550 0.00000
23.44453 0.00000
23.45356 0.00000
23.46259 0.00000
23.47162 0.00000
23.48065 0.00000
23.48967 0.00000
23.49870 0.00000
23.50773 0.00000
23.51676 0.00000
23.52579 0.00000
23.53482 0.00000
23.54384 0.00000
23.55287 0.00000
23.56190 0.00000
23.57093 0.00000
23.57996 0.00000
23.58899 0.00000
23.59802 0.00000
23.60704 0.00000
23.61607 0.00000
23.62510 0.00000
23.63413 0.00000
23.64316 0.00000
23.65219 0.00000
23.66121 0.00000
23.67024 0.00000
23.67927 0.00000
23.68830 0.00000
23.69733 0.00000
23.70636 0.00000
23.71539 0.00000
23.72441 0.00000
23.73344 0.00000
23.74247 0.00000
23.75150 0.00000
23.76053 0.00000
23.76956 0.00000
23.77859 0.00000
23.78761 0.00000
23.79664 0.00000
23.80567 0.00000
23.81470 0.00000
23.82373 0.00000
23.83276 0.00000
23.84178 0.00000
23.85081 0.00000
23.85984 0.00000
23.86887 0.00000
23.87790 0.00000
23.88693 0.00000
23.89596 0.00000
23.90498 0.00000
23.91401 0.00000
23.92304 0.00000
23.93207 0.00000
23.94110 0.00000
23.95013 0.00000
23.95915 0.00000
23.96818 0.00000
23.97721 0.00000
23.98624 0.00000
23.99527 0.00000
24.00430 0.00000
24.01333 0.00000
24.02235 0.00000
24.03138 0.00000
24.04041 0.00000
24.04944 0.00000
24.05847 0.00000
24.06750 0.00000
24.07652 0.00000
24.08555 0.00000
24.09458 0.00000
24.10361 0.00000
24.11264 0.00000
24.12167 0.00000
24.13070 0.00000
24.13972 0.00000
24.14875 0.00000
24.15778 0.00000
24.16681 0.00000
24.17584 0.00000
24.18487 0.00000
24.19390 0.00000
24.20292 0.00000
24.21195 0.00000
24.22098 0.00000
24.23001 0.00000
24.23904 0.00000
24.24807 0.00000
24.25709 0.00000
24.26612 0.00000
24.27515 0.00000
24.28418 0.00000
24.29321 0.00000
24.30224 0.00000
24.31127 0.00000
24.32029 0.00000
24.32932 0.00000
24.33835 0.00000
24.34738 0.00000
24.35641 0.00000
24.36544 0.00000
24.37446 0.00000
24.38349 0.00000
24.39252 0.00000
24.40155 0.00000
24.41058 0.00000
24.41961 0.00000
24.42864 0.00000
24.43766 0.00000
24.44669 0.00000
24.45572 0.00000
24.46475 0.00000
24.47378 0.00000
24.48281 0.00000
24.49183 0.00000
24.50086 0.00000
24.50989 0.00000
24.51892 0.00000
24.52795 0.00000
24.53698 0.00000
24.54601 0.00000
24.55503 0.00000
24.56406 0.00000
24.57309 0.00000
24.58212 0.00000
24.59115 0.00000
24.60018 0.00000
24.60920 0.00000
24.61823 0.00000
24.62726 0.00000
24.63629 0.00000
24.64532 0.00000
24.65435 0.00000
24.66338 0.00000
24.67240 0.00000
24.68143 0.00000
24.69046 0.00000
24.69949 0.00000
24.70852 0.00000
24.71755 0.00000
24.72658 0.00000
24.73560 0.00000
24.74463 0.00000
24.75366 0.00000
24.76269 0.00000
24.77172 0.00000
24.78075 0.00000
24.78977 0.00000
24.79880 0.00000
24.80783 0.00000
24.81686 0.00000
24.82589 0.00000
24.83492 0.00000
24.84395 0.00000
24.85297 0.00000
24.86200 0.00000
24.87103 0.00000
24.88006 0.00000
24.88909 0.00000
24.89812 0.00000
24.90714 0.00000
24.91617 0.00000
24.92520 0.00000
24.93423 0.00000
24.94326 0.00000
24.95229 0.00000
24.96132 0.00000
24.97034 0.00000
24.97937 0.00000
24.98840 0.00000
24.99743 0.00000
25.00646 0.00000
25.01549 0.00000
25.02451 0.00000
25.03354 0.00000
25.04257 0.00000
25.05160 0.00000
25.06063 0.00000
25.06966 0.00000
25.07869 0.00000
25.08771 0.00000
25.09674 0.00000
25.10577 0.00000
25.11480 0.00000
25.12383 0.00000
25.13286 0.00000
25.14189 0.00000
25.15091 0.00000
25.15994 0.00000
25.16897 0.00000
25.17800 0.00000
25.18703 0.00000
25.19606 0.00000
25.20508 0.00000
25.21411 0.00000
25.22314 0.00000
25.23217 0.00000
25.24120 0.00000
25.25023 0.00000
25.25926 0.00000
25.26828 0.00000
25.27731 0.00000
25.28634 0.00000
25.29537 0.00000
25.30440 0.00000
25.31343 0.00000
25.32245 0.00000
25.33148 0.00000
25.34051 0.00000
25.34954 0.00000
25.35857 0.00000
25.36760 0.00000
25.37663 0.00000
25.38565 0.00000
25.39468 0.00000
25.40371 0.00000
25.41274 0.00000
25.42177 0.00000
25.43080 0.00000
25.43982 0.00000
25.44885 0.00000
25.45788 0.00000
25.46691 0.00000
25.47594 0.00000
25.48497 0.00000
25.49400 0.00000
25.50302 0.00000
25.51205 0.00000
25.52108 0.00000
25.53011 0.00000
25.53914 0.00000
25.54817 0.00000
25.55719 0.00000
25.56622 0.00000
25.57525 0.00000
25.58428 0.00000
25.59331 0.00000
25.60234 0.00000
25.61137 0.00000
25.62039 0.00000
25.62942 0.00000
25.63845 0.00000
25.64748 0.00000
25.65651 0.00000
25.66554 0.00000
25.67457 0.00000
25.68359 0.00000
25.69262 0.00000
25.70165 0.00000
25.71068 0.00000
25.71971 0.00000
25.72874 0.00000
25.73776 0.00000
25.74679 0.00000
25.75582 0.00000
25.76485 0.00000
25.77388 0.00000
25.78291 0.00000
25.79194 0.00000
25.80096 0.00000
25.80999 0.00000
25.81902 0.00000
25.82805 0.00000
25.83708 0.00000
25.84611 0.00000
25.85513 0.00000
25.86416 0.00000
25.87319 0.00000
25.88222 0.00000
25.89125 0.00000
25.90028 0.00000
25.90931 0.00000
25.91833 0.00000
25.92736 0.00000
25.93639 0.00000
25.94542 0.00000
25.95445 0.00000
25.96348 0.00000
25.97250 0.00000
25.98153 0.00000
25.99056 0.00000
25.99959 0.00000
26.00862 0.00000
26.01765 0.00000
26.02668 0.00000
26.03570 0.00000
26.04473 0.00000
26.05376 0.00000
26.06279 0.00000
26.07182 0.00000
26.08085 0.00000
26.08988 0.00000
26.09890 0.00000
26.10793 0.00000
26.11696 0.00000
26.12599 0.00000
26.13502 0.00000
26.14405 0.00000
26.15307 0.00000
26.16210 0.00000
26.17113 0.00000
26.18016 0.00000
26.18919 0.00000
26.19822 0.00000
26.20725 0.00000
26.21627 0.00000
26.22530 0.00000
26.23433 0.00000
26.24336 0.00000
26.25239 0.00000
26.26142 0.00000
26.27044 0.00000
26.27947 0.00000
26.28850 0.00000
26.29753 0.00000
26.30656 0.00000
26.31559 0.00000
26.32462 0.00000
26.33364 0.00000
26.34267 0.00000
26.35170 0.00000
26.36073 0.00000
26.36976 0.00000
26.37879 0.00000
26.38781 0.00000
26.39684 0.00000
26.40587 0.00000
26.41490 0.00000
26.42393 0.00000
26.43296 0.00000
26.44199 0.00000
26.45101 0.00000
26.46004 0.00000
26.46907 0.00000
26.47810 0.00000
26.48713 0.00000
26.49616 0.00000
26.50519 0.00000
26.51421 0.00000
26.52324 0.00000
26.53227 0.00000
26.54130 0.00000
26.55033 0.00000
26.55936 0.00000
26.56838 0.00000
26.57741 0.00000
26.58644 0.00000
26.59547 0.00000
26.60450 0.00000
26.61353 0.00000
26.62256 0.00000
26.63158 0.00000
26.64061 0.00000
26.64964 0.00000
26.65867 0.00000
26.66770 0.00000
26.67673 0.00000
26.68575 0.00000
26.69478 0.00000
26.70381 0.00000
26.71284 0.00000
26.72187 0.00000
26.73090 0.00000
26.73993 0.00000
26.74895 0.00000
26.75798 0.00000
26.76701 0.00000
26.77604 0.00000
26.78507 0.00000
26.79410 0.00000
26.80312 0.00000
26.81215 0.00000
26.82118 0.00000
26.83021 0.00000
26.83924 0.00000
26.84827 0.00000
26.85730 0.00000
26.86632 0.00000
26.87535 0.00000
26.88438 0.00000
26.89341 0.00000
26.90244 0.00000
26.91147 0.00000
26.92049 0.00000
26.92952 0.00000
26.93855 0.00000
26.94758 0.00000
26.95661 0.00000
26.96564 0.00000
26.97467 0.00000
26.98369 0.00000
26.99272 0.00000
27.00175 0.00000
27.01078 0.00000
27.01981 0.00000
27.02884 0.00000
27.03787 0.00000
27.04689 0.00000
27.05592 0.00000
27.06495 0.00000
27.07398 0.00000
27.08301 0.00000
27.09204 0.00000
27.10106 0.00000
27.11009 0.00000
27.11912 0.00000
27.12815 0.00000
27.13718 0.00000
27.14621 0.00000
27.15524 0.00000
27.16426 0.00000
27.17329 0.00000
27.18232 0.00000
27.19135 0.00000
27.20038 0.00000
27.20941 0.00000
27.21843 0.00000
27.22746 0.00000
27.23649 0.00000
27.24552 0.00000
27.25455 0.00000
27.26358 0.00000
27.27261 0.00000
27.28163 0.00000
27.29066 0.00000
27.29969 0.00000
27.30872 0.00000
27.31775 0.00000
27.32678 0.00000
27.33580 0.00000
27.34483 0.00000
27.35386 0.00000
27.36289 0.00000
27.37192 0.00000
27.38095 0.00000
27.38998 0.00000
27.39900 0.00000
27.40803 0.00000
27.41706 0.00000
27.42609 0.00000
27.43512 0.00000
27.44415 0.00000
27.45318 0.00000
27.46220 0.00000
27.47123 0.00000
27.48026 0.00000
27.48929 0.00000
27.49832 0.00000
27.50735 0.00000
27.51637 0.00000
27.52540 0.00000
27.53443 0.00000
27.54346 0.00000
27.55249 0.00000
27.56152 0.00000
27.57055 0.00000
27.57957 0.00000
27.58860 0.00000
27.59763 0.00000
27.60666 0.00000
27.61569 0.00000
27.62472 0.00000
27.63374 0.00000
27.64277 0.00000
27.65180 0.00000
27.66083 0.00000
27.66986 0.00000
27.67889 0.00000
27.68792 0.00000
27.69694 0.00000
27.70597 0.00000
27.71500 0.00000
27.72403 0.00000
27.73306 0.00000
27.74209 0.00000
27.75111 0.00000
27.76014 0.00000
27.76917 0.00000
27.77820 0.00000
27.78723 0.00000
27.79626 0.00000
27.80529 0.00000
27.81431 0.00000
27.82334 0.00000
27.83237 0.00000
27.84140 0.00000
27.85043 0.00000
27.85946 0.00000
27.86848 0.00000
27.87751 0.00000
27.88654 0.00000
27.89557 0.00000
27.90460 0.00000
27.91363 0.00000
27.92266 0.00000
27.93168 0.00000
27.94071 0.00000
27.94974 0.00000
27.95877 0.00000
27.96780 0.00000
27.97683 0.00000
27.98586 0.00000
27.99488 0.00000
28.00391 0.00000
28.01294 0.00000
28.02197 0.00000
28.03100 0.00000
28.04003 0.00000
28.04905 0.00000
28.05808 0.00000
28.06711 0.00000
28.07614 0.00000
28.08517 0.00000
28.09420 0.00000
28.10323 0.00000
28.11225 0.00000
28.12128 0.00000
28.13031 0.00000
28.13934 0.00000
28.14837 0.00000
28.15740 0.00000
28.16642 0.00000
28.17545 0.00000
28.18448 0.00000
28.19351 0.00000
28.20254 0.00000
28.21157 0.00000
28.22060 0.00000
28.22962 0.00000
28.23865 0.00000
28.24768 0.00000
28.25671 0.00000
28.26574 0.00000
28.27477 0.00000
28.28379 0.00000
28.29282 0.00000
28.30185 0.00000
28.31088 0.00000
28.31991 0.00000
28.32894 0.00000
28.33797 0.00000
28.34699 0.00000
28.35602 0.00000
28.36505 0.00000
28.37408 0.00000
28.38311 0.00000
28.39214 0.00000
28.40117 0.00000
28.41019 0.00000
28.41922 0.00000
28.42825 0.00000
28.43728 0.00000
28.44631 0.00000
28.45534 0.00000
28.46436 0.00000
28.47339 0.00000
28.48242 0.00000
28.49145 0.00000
28.50048 0.00000
28.50951 0.00000
28.51854 0.00000
28.52756 0.00000
28.53659 0.00000
28.54562 0.00000
28.55465 0.00000
28.56368 0.00000
28.57271 0.00000
28.58173 0.00000
28.59076 0.00000
28.59979 0.00000
28.60882 0.00000
28.61785 0.00000
28.62688 0.00000
28.63591 0.00000
28.64493 0.00000
28.65396 0.00000
28.66299 0.00000
28.67202 0.00000
28.68105 0.00000
28.69008 0.00000
28.69910 0.00000
28.70813 0.00000
28.71716 0.00000
28.72619 0.00000
28.73522 0.00000
28.74425 0.00000
28.75328 0.00000
28.76230 0.00000
28.77133 0.00000
28.78036 0.00000
28.78939 0.00000
28.79842 0.00000
28.80745 0.00000
28.81648 0.00000
28.82550 0.00000
28.83453 0.00000
28.84356 0.00000
28.85259 0.00000
28.86162 0.00000
28.87065 0.00000
28.87967 0.00000
28.88870 0.00000
28.89773 0.00000
28.90676 0.00000
28.91579 0.00000
28.92482 0.00000
28.93385 0.00000
28.94287 0.00000
28.95190 0.00000
28.96093 0.00000
28.96996 0.00000
28.97899 0.00000
28.98802 0.00000
28.99704 0.00000
29.00607 0.00000
29.01510 0.00000
29.02413 0.00000
29.03316 0.00000
29.04219 0.00000
29.05122 0.00000
29.06024 0.00000
29.06927 0.00000
29.07830 0.00000
29.08733 0.00000
29.09636 0.00000
29.10539 0.00000
29.11441 0.00000
29.12344 0.00000
29.13247 0.00000
29.14150 0.00000
29.15053 0.00000
29.15956 0.00000
29.16859 0.00000
29.17761 0.00000
29.18664 0.00000
29.19567 0.00000
29.20470 0.00000
29.21373 0.00000
29.22276 0.00000
29.23178 0.00000
29.24081 0.00000
29.24984 0.00000
29.25887 0.00000
29.26790 0.00000
29.27693 0.00000
29.28596 0.00000
29.29498 0.00000
29.30401 0.00000
29.31304 0.00000
29.32207 0.00000
29.33110 0.00000
29.34013 0.00000
29.34916 0.00000
29.35818 0.00000
29.36721 0.00000
29.37624 0.00000
29.38527 0.00000
29.39430 0.00000
29.40333 0.00000
29.41235 0.00000
29.42138 0.00000
29.43041 0.00000
29.43944 0.00000
29.44847 0.00000
29.45750 0.00000
29.46653 0.00000
29.47555 0.00000
29.48458 0.00000
29.49361 0.00000
29.50264 0.00000
29.51167 0.00000
29.52070 0.00000
29.52972 0.00000
29.53875 0.00000
29.54778 0.00000
29.55681 0.00000
29.56584 0.00000
29.57487 0.00000
29.58390 0.00000
29.59292 0.00000
29.60195 0.00000
29.61098 0.00000
29.62001 0.00000
29.62904 0.00000
29.63807 0.00000
29.64709 0.00000
29.65612 0.00000
29.66515 0.00000
29.67418 0.00000
29.68321 0.00000
29.69224 0.00000
29.70127 0.00000
29.71029 0.00000
29.71932 0.00000
29.72835 0.00000
29.73738 0.00000
29.74641 0.00000
29.75544 0.00000
29.76447 0.00000
29.77349 0.00000
29.78252 0.00000
29.79155 0.00000
29.80058 0.00000
29.80961 0.00000
29.81864 0.00000
29.82766 0.00000
29.83669 0.00000
29.84572 0.00000
29.85475 0.00000
29.86378 0.00000
29.87281 0.00000
29.88184 0.00000
29.89086 0.00000
29.89989 0.00000
29.90892 0.00000
29.91795 0.00000
29.92698 0.00000
29.93601 0.00000
29.94503 0.00000
29.95406 0.00000
29.96309 0.00000
29.97212 0.00000
29.98115 0.00000
29.99018 0.00000
29.99921 0.00000
30.00823 0.00000
30.01726 0.00000
30.02629 0.00000
30.03532 0.00000
30.04435 0.00000
30.05338 0.00000
30.06240 0.00000
30.07143 0.00000
30.08046 0.00000
30.08949 0.00000
30.09852 0.00000
30.10755 0.00000
30.11658 0.00000
30.12560 0.00000
30.13463 0.00000
30.14366 0.00000
30.15269 0.00000
30.16172 0.00000
30.17075 0.00000
30.17977 0.00000
30.18880 0.00000
30.19783 0.00000
30.20686 0.00000
30.21589 0.00000
30.22492 0.00000
30.23395 0.00000
30.24297 0.00000
30.25200 0.00000
30.26103 0.00000
30.27006 0.00000
30.27909 0.00000
30.28812 0.00000
30.29715 0.00000
30.30617 0.00000
30.31520 0.00000
30.32423 0.00000
30.33326 0.00000
30.34229 0.00000
30.35132 0.00000
30.36034 0.00000
30.36937 0.00000
30.37840 0.00000
30.38743 0.00000
30.39646 0.00000
30.40549 0.00000
30.41452 0.00000
30.42354 0.00000
30.43257 0.00000
30.44160 0.00000
30.45063 0.00000
30.45966 0.00000
30.46869 0.00000
30.47771 0.00000
30.48674 0.00000
30.49577 0.00000
30.50480 0.00000
30.51383 0.00000
30.52286 0.00000
30.53189 0.00000
30.54091 0.00000
30.54994 0.00000
30.55897 0.00000
30.56800 0.00000
30.57703 0.00000
30.58606 0.00000
30.59508 0.00000
30.60411 0.00000
30.61314 0.00000
30.62217 0.00000
30.63120 0.00000
30.64023 0.00000
30.64926 0.00000
30.65828 0.00000
30.66731 0.00000
30.67634 0.00000
30.68537 0.00000
30.69440 0.00000
30.70343 0.00000
30.71246 0.00000
30.72148 0.00000
30.73051 0.00000
30.73954 0.00000
30.74857 0.00000
30.75760 0.00000
30.76663 0.00000
30.77565 0.00000
30.78468 0.00000
30.79371 0.00000
30.80274 0.00000
30.81177 0.00000
30.82080 0.00000
30.82983 0.00000
30.83885 0.00000
30.84788 0.00000
30.85691 0.00000
30.86594 0.00000
30.87497 0.00000
30.88400 0.00000
30.89302 0.00000
30.90205 0.00000
30.91108 0.00000
30.92011 0.00000
30.92914 0.00000
30.93817 0.00000
30.94720 0.00000
30.95622 0.00000
30.96525 0.00000
30.97428 0.00000
30.98331 0.00000
30.99234 0.00000
31.00137 0.00000
31.01039 0.00000
31.01942 0.00000
31.02845 0.00000
31.03748 0.00000
31.04651 0.00000
31.05554 0.00000
31.06457 0.00000
31.07359 0.00000
31.08262 0.00000
31.09165 0.00000
31.10068 0.00000
31.10971 0.00000
31.11874 0.00000
31.12777 0.00000
31.13679 0.00000
31.14582 0.00000
31.15485 0.00000
31.16388 0.00000
31.17291 0.00000
31.18194 0.00000
31.19096 0.00000
31.19999 0.00000
31.20902 0.00000
31.21805 0.00000
31.22708 0.00000
31.23611 0.00000
31.24514 0.00000
31.25416 0.00000
31.26319 0.00000
31.27222 0.00000
31.28125 0.00000
31.29028 0.00000
31.29931 0.00000
31.30833 0.00000
31.31736 0.00000
31.32639 0.00000
31.33542 0.00000
31.34445 0.00000
31.35348 0.00000
31.36251 0.00000
31.37153 0.00000
31.38056 0.00000
31.38959 0.00000
31.39862 0.00000
31.40765 0.00000
31.41668 0.00000
31.42570 0.00000
31.43473 0.00000
31.44376 0.00000
31.45279 0.00000
31.46182 0.00000
31.47085 0.00000
31.47988 0.00000
31.48890 0.00000
31.49793 0.00000
31.50696 0.00000
31.51599 0.00000
31.52502 0.00000
31.53405 0.00000
31.54307 0.00000
31.55210 0.00000
31.56113 0.00000
31.57016 0.00000
31.57919 0.00000
31.58822 0.00000
31.59725 0.00000
31.60627 0.00000
31.61530 0.00000
31.62433 0.00000
31.63336 0.00000
31.64239 0.00000
31.65142 0.00000
31.66045 0.00000
31.66947 0.00000
31.67850 0.00000
31.68753 0.00000
31.69656 0.00000
31.70559 0.00000
31.71462 0.00000
31.72364 0.00000
31.73267 0.00000
31.74170 0.00000
31.75073 0.00000
31.75976 0.00000
31.76879 0.00000
31.77782 0.00000
31.78684 0.00000
31.79587 0.00000
31.80490 0.00000
31.81393 0.00000
31.82296 0.00000
31.83199 0.00000
31.84101 0.00000
31.85004 0.00000
31.85907 0.00000
31.86810 0.00000
31.87713 0.00000
31.88616 0.00000
31.89519 0.00000
31.90421 0.00000
31.91324 0.00000
31.92227 0.00000
31.93130 0.00000
31.94033 0.00000
31.94936 0.00000
31.95838 0.00000
31.96741 0.00000
31.97644 0.00000
31.98547 0.00000
31.99450 0.00000
32.00353 0.00000
32.01256 0.00000
32.02158 0.00000
32.03061 0.00000
32.03964 0.00000
32.04867 0.00000
32.05770 0.00000
32.06673 0.00000
32.07576 0.00000
32.08478 0.00000
32.09381 0.00000
32.10284 0.00000
32.11187 0.00000
32.12090 0.00000
32.12993 0.00000
32.13895 0.00000
32.14798 0.00000
32.15701 0.00000
32.16604 0.00000
32.17507 0.00000
32.18410 0.00000
32.19313 0.00000
32.20215 0.00000
32.21118 0.00000
32.22021 0.00000
32.22924 0.00000
32.23827 0.00000
32.24730 0.00000
32.25632 0.00000
32.26535 0.00000
32.27438 0.00000
32.28341 0.00000
32.29244 0.00000
32.30147 0.00000
32.31050 0.00000
32.31952 0.00000
32.32855 0.00000
32.33758 0.00000
32.34661 0.00000
32.35564 0.00000
32.36467 0.00000
32.37369 0.00000
32.38272 0.00000
32.39175 0.00000
32.40078 0.00000
32.40981 0.00000
32.41884 0.00000
32.42787 0.00000
32.43689 0.00000
32.44592 0.00000
32.45495 0.00000
32.46398 0.00000
32.47301 0.00000
32.48204 0.00000
32.49106 0.00000
32.50009 0.00000
32.50912 0.00000
32.51815 0.00000
32.52718 0.00000
32.53621 0.00000
32.54524 0.00000
32.55426 0.00000
32.56329 0.00000
32.57232 0.00000
32.58135 0.00000
32.59038 0.00000
32.59941 0.00000
32.60844 0.00000
32.61746 0.00000
32.62649 0.00000
32.63552 0.00000
32.64455 0.00000
32.65358 0.00000
32.66261 0.00000
32.67163 0.00000
32.68066 0.00000
32.68969 0.00000
32.69872 0.00000
32.70775 0.00000
32.71678 0.00000
32.72581 0.00000
32.73483 0.00000
32.74386 0.00000
32.75289 0.00000
32.76192 0.00000
32.77095 0.00000
32.77998 0.00000
32.78900 0.00000
32.79803 0.00000
32.80706 0.00000
32.81609 0.00000
32.82512 0.00000
32.83415 0.00000
32.84318 0.00000
32.85220 0.00000
32.86123 0.00000
32.87026 0.00000
32.87929 0.00000
32.88832 0.00000
32.89735 0.00000
32.90637 0.00000
32.91540 0.00000
32.92443 0.00000
32.93346 0.00000
32.94249 0.00000
32.95152 0.00000
32.96055 0.00000
32.96957 0.00000
32.97860 0.00000
32.98763 0.00000
32.99666 0.00000
33.00569 0.00000
33.01472 0.00000
33.02375 0.00000
33.03277 0.00000
33.04180 0.00000
33.05083 0.00000
33.05986 0.00000
33.06889 0.00000
33.07792 0.00000
33.08694 0.00000
33.09597 0.00000
33.10500 0.00000
33.11403 0.00000
33.12306 0.00000
33.13209 0.00000
33.14112 0.00000
33.15014 0.00000
33.15917 0.00000
33.16820 0.00000
33.17723 0.00000
33.18626 0.00000
33.19529 0.00000
33.20431 0.00000
33.21334 0.00000
33.22237 0.00000
33.23140 0.00000
33.24043 0.00000
33.24946 0.00000
33.25849 0.00000
33.26751 0.00000
33.27654 0.00000
33.28557 0.00000
33.29460 0.00000
33.30363 0.00000
33.31266 0.00000
33.32168 0.00000
33.33071 0.00000
33.33974 0.00000
33.34877 0.00000
33.35780 0.00000
33.36683 0.00000
33.37586 0.00000
33.38488 0.00000
33.39391 0.00000
33.40294 0.00000
33.41197 0.00000
33.42100 0.00000
33.43003 0.00000
33.43906 0.00000
33.44808 0.00000
33.45711 0.00000
33.46614 0.00000
33.47517 0.00000
33.48420 0.00000
33.49323 0.00000
33.50225 0.00000
33.51128 0.00000
33.52031 0.00000
33.52934 0.00000
33.53837 0.00000
33.54740 0.00000
33.55643 0.00000
33.56545 0.00000
33.57448 0.00000
33.58351 0.00000
33.59254 0.00000
33.60157 0.00000
33.61060 0.00000
33.61962 0.00000
33.62865 0.00000
33.63768 0.00000
33.64671 0.00000
33.65574 0.00000
33.66477 0.00000
33.67380 0.00000
33.68282 0.00000
33.69185 0.00000
33.70088 0.00000
33.70991 0.00000
33.71894 0.00000
33.72797 0.00000
33.73699 0.00000
33.74602 0.00000
33.75505 0.00000
33.76408 0.00000
33.77311 0.00000
33.78214 0.00000
33.79117 0.00000
33.80019 0.00000
33.80922 0.00000
33.81825 0.00000
33.82728 0.00000
33.83631 0.00000
33.84534 0.00000
33.85436 0.00000
33.86339 0.00000
33.87242 0.00000
33.88145 0.00000
33.89048 0.00000
33.89951 0.00000
33.90854 0.00000
33.91756 0.00000
33.92659 0.00000
33.93562 0.00000
33.94465 0.00000
33.95368 0.00000
33.96271 0.00000
33.97174 0.00000
33.98076 0.00000
33.98979 0.00000
33.99882 0.00000
34.00785 0.00000
34.01688 0.00000
34.02591 0.00000
34.03493 0.00000
34.04396 0.00000
34.05299 0.00000
34.06202 0.00000
34.07105 0.00000
34.08008 0.00000
34.08911 0.00000
34.09813 0.00000
34.10716 0.00000
34.11619 0.00000
34.12522 0.00000
34.13425 0.00000
34.14328 0.00000
34.15230 0.00000
34.16133 0.00000
34.17036 0.00000
34.17939 0.00000
34.18842 0.00000
34.19745 0.00000
34.20648 0.00000
34.21550 0.00000
34.22453 0.00000
34.23356 0.00000
34.24259 0.00000
34.25162 0.00000
34.26065 0.00000
34.26967 0.00000
34.27870 0.00000
34.28773 0.00000
34.29676 0.00000
34.30579 0.00000
34.31482 0.00000
34.32385 0.00000
34.33287 0.00000
34.34190 0.00000
34.35093 0.00000
34.35996 0.00000
34.36899 0.00000
34.37802 0.00000
34.38705 0.00000
34.39607 0.00000
34.40510 0.00000
34.41413 0.00000
34.42316 0.00000
34.43219 0.00000
34.44122 0.00000
34.45024 0.00000
34.45927 0.00000
34.46830 0.00000
34.47733 0.00000
34.48636 0.00000
34.49539 0.00000
34.50442 0.00000
34.51344 0.00000
34.52247 0.00000
34.53150 0.00000
34.54053 0.00000
34.54956 0.00000
34.55859 0.00000
34.56761 0.00000
34.57664 0.00000
34.58567 0.00000
34.59470 0.00000
34.60373 0.00000
34.61276 0.00000
34.62179 0.00000
34.63081 0.00000
34.63984 0.00000
34.64887 0.00000
34.65790 0.00000
34.66693 0.00000
34.67596 0.00000
34.68498 0.00000
34.69401 0.00000
34.70304 0.00000
34.71207 0.00000
34.72110 0.00000
34.73013 0.00000
34.73916 0.00000
34.74818 0.00000
34.75721 0.00000
34.76624 0.00000
34.77527 0.00000
34.78430 0.00000
34.79333 0.00000
34.80235 0.00000
34.81138 0.00000
34.82041 0.00000
34.82944 0.00000
34.83847 0.00000
34.84750 0.00000
34.85653 0.00000
34.86555 0.00000
34.87458 0.00000
34.88361 0.00000
34.89264 0.00000
34.90167 0.00000
34.91070 0.00000
34.91973 0.00000
34.92875 0.00000
34.93778 0.00000
34.94681 0.00000
34.95584 0.00000
34.96487 0.00000
34.97390 0.00000
34.98292 0.00000
34.99195 0.00000
35.00098 0.00000
35.01001 0.00000
35.01904 0.00000
35.02807 0.00000
35.03710 0.00000
35.04612 0.00000
35.05515 0.00000
35.06418 0.00000
35.07321 0.00000
35.08224 0.00000
35.09127 0.00000
35.10029 0.00000
35.10932 0.00000
35.11835 0.00000
35.12738 0.00000
35.13641 0.00000
35.14544 0.00000
35.15447 0.00000
35.16349 0.00000
35.17252 0.00000
35.18155 0.00000
35.19058 0.00000
35.19961 0.00000
35.20864 0.00000
35.21766 0.00000
35.22669 0.00000
35.23572 0.00000
35.24475 0.00000
35.25378 0.00000
35.26281 0.00000
35.27184 0.00000
35.28086 0.00000
35.28989 0.00000
35.29892 0.00000
35.30795 0.00000
35.31698 0.00000
35.32601 0.00000
35.33504 0.00000
35.34406 0.00000
35.35309 0.00000
35.36212 0.00000
35.37115 0.00000
35.38018 0.00000
35.38921 0.00000
35.39823 0.00000
35.40726 0.00000
35.41629 0.00000
35.42532 0.00000
35.43435 0.00000
35.44338 0.00000
35.45241 0.00000
35.46143 0.00000
35.47046 0.00000
35.47949 0.00000
35.48852 0.00000
35.49755 0.00000
35.50658 0.00000
35.51560 0.00000
35.52463 0.00000
35.53366 0.00000
35.54269 0.00000
35.55172 0.00000
35.56075 0.00000
35.56978 0.00000
35.57880 0.00000
35.58783 0.00000
35.59686 0.00000
35.60589 0.00000
35.61492 0.00000
35.62395 0.00000
35.63297 0.00000
35.64200 0.00000
35.65103 0.00000
35.66006 0.00000
35.66909 0.00000
35.67812 0.00000
35.68715 0.00000
35.69617 0.00000
35.70520 0.00000
35.71423 0.00000
35.72326 0.00000
35.73229 0.00000
35.74132 0.00000
35.75035 0.00000
35.75937 0.00000
35.76840 0.00000
35.77743 0.00000
35.78646 0.00000
35.79549 0.00000
35.80452 0.00000
35.81354 0.00000
35.82257 0.00000
35.83160 0.00000
35.84063 0.00000
35.84966 0.00000
35.85869 0.00000
35.86772 0.00000
35.87674 0.00000
35.88577 0.00000
35.89480 0.00000
35.90383 0.00000
35.91286 0.00000
35.92189 0.00000
35.93091 0.00000
35.93994 0.00000
35.94897 0.00000
35.95800 0.00000
35.96703 0.00000
35.97606 0.00000
35.98509 0.00000
35.99411 0.00000
36.00314 0.00000
36.01217 0.00000
36.02120 0.00000
36.03023 0.00000
36.03926 0.00000
36.04828 0.00000
36.05731 0.00000
36.06634 0.00000
36.07537 0.00000
36.08440 0.00000
36.09343 0.00000
36.10246 0.00000
36.11148 0.00000
36.12051 0.00000
36.12954 0.00000
36.13857 0.00000
36.14760 0.00000
36.15663 0.00000
36.16565 0.00000
36.17468 0.00000
36.18371 0.00000
36.19274 0.00000
36.20177 0.00000
36.21080 0.00000
36.21983 0.00000
36.22885 0.00000
36.23788 0.00000
36.24691 0.00000
36.25594 0.00000
36.26497 0.00000
36.27400 0.00000
36.28303 0.00000
36.29205 0.00000
36.30108 0.00000
36.31011 0.00000
36.31914 0.00000
36.32817 0.00000
36.33720 0.00000
36.34622 0.00000
36.35525 0.00000
36.36428 0.00000
36.37331 0.00000
36.38234 0.00000
36.39137 0.00000
36.40040 0.00000
36.40942 0.00000
36.41845 0.00000
36.42748 0.00000
36.43651 0.00000
36.44554 0.00000
36.45457 0.00000
36.46359 0.00000
36.47262 0.00000
36.48165 0.00000
36.49068 0.00000
36.49971 0.00000
36.50874 0.00000
36.51777 0.00000
36.52679 0.00000
36.53582 0.00000
36.54485 0.00000
36.55388 0.00000
36.56291 0.00000
36.57194 0.00000
36.58096 0.00000
36.58999 0.00000
36.59902 0.00000
36.60805 0.00000
36.61708 0.00000
36.62611 0.00000
36.63514 0.00000
36.64416 0.00000
36.65319 0.00000
36.66222 0.00000
36.67125 0.00000
36.68028 0.00000
36.68931 0.00000
36.69834 0.00000
36.70736 0.00000
36.71639 0.00000
36.72542 0.00000
36.73445 0.00000
36.74348 0.00000
36.75251 0.00000
36.76153 0.00000
36.77056 0.00000
36.77959 0.00000
36.78862 0.00000
36.79765 0.00000
36.80668 0.00000
36.81571 0.00000
36.82473 0.00000
36.83376 0.00000
36.84279 0.00000
36.85182 0.00000
36.86085 0.00000
36.86988 0.00000
36.87890 0.00000
36.88793 0.00000
36.89696 0.00000
